11111
11111
11111
10001
11111
11011
11111
11111
11111
11111
11111
11111
11111
11111
11111
10001
11111
11111
11111
10001
11111
11011
11111
11111
11111
11111
11111
11111
11111
11000
11111
11111
10001
11111
11111
11111
11111
00000
11111
11111
11111
11111  
11111  
11111  
11111
00011
11111
11111
11111
11111
11111
11111
10000
11111
11101
11111
11111
11111
11111
11111
11111
11111
11111
10001
11111
11111
11111
11111
00001
11111
10111
11111
11111
11111
11001
11110
11111
11111
11111
11111
10001
11111
11111
00000
10101
10101
11011
11111
11111
11111
10011
01111
11111
11111
11111
11111
11111
11111
11111
11100
10011
11111
11101
11111
11111
11111
11111
11111
11111
11111
11111
10001
11111
11111
11111
00111
11001
11111
10111
11111
11111
11111
11111
11110
11001
10111
11111
11111
10001
11111
11111
00000
11111
11111
11111
11111
11111
11111
11111
01111
10011
11101
11111
11111
11111
11111
11111
11111
11100
11111
10000
11111
11111
11111
11111
11111
01110
11111
11111
10001
11111
11111
11111
11111
00111
11111
00001
11111
11111
11111
11111
11111
11000
11111
11111
11111
10001
11111
11111
11111
00000
10001
11111
11111
11111
11111
11111
11111
00011
11111
11111
11111
11111
11111
11100
11111
10001
10101
10001
11111
11111
11111
01110
11111
11111
11111
11111
10001
11111
11111
00111
11111
10001
10101
10001
11111
11111
11111
11111
11000
11111
11111
11111
11111
10001
11111
11111
00000
11110
11110
11110
11110
11111
11111
11111
00011
11111
11111
11111
11111
11111
10001
11111
10101
10101
11011
10101
11111
11111
11111
11111
11111
11111
11111
11111
10001
11111
10001
11111
10101
10101
11011
10101
11111
11111
11111
11111
11100
11000
11001
11111
11111
10001
11111
00000
00000
11000
11110
11111
11111
11111
11111
00111
00011
00011
01111
11111
11111
00100
00100
00100
00100
00100
00100
00100
00100
00100
00100
00100
00100
00100
00100
00100
00100
00100
00100
00100
00100
00100
00100
00100
00100
00100
00100
00100
00100
00100
00100
00100
00100
00100
00100
00100
00100
00100
00100
00100
00100
00100
00100
00100
00100
00100
00100
00100
00100
00000
00000
11111
00000
00000
11111
00000
00000
00000
00000
11111
00000
00000
11111
00000
00000
00000
00000
11111
00000
00000
11111
00000
00000
00000
00000
11111
00000
00000
11111
00000
00000
00000
00000
11111
00000
00000
11111
00000
00000
00000
00000
11111
00000
00000
11111
00000
00000